676,310,0,0
676,310,0,0
676,310,0,0
676,310,0,0
676,310,0,0
676,310,0,0
676,310,0,0
631,310,0,0
631,310,0,0
631,310,0,0
631,310,0,0
631,310,0,0
613,310,0,0
613,310,0,0
613,310,0,0
613,310,0,0
613,310,0,0
415,276.5,0,-7
415,270,0,-6.5
415,264,0,-6
415,258.5,0,-5.5
9,1,,1,5,0,1,418,236,0,-2.5
9,1,,1,5,0,1,418,234,0,-2
9,1,,1,5,0,1,418,232.5,0,-1.5
9,1,,1,5,0,1,418,231.5,0,-1
9,1,,1,5,0,1,418,231,0,-0.5
9,1,Eitaa,1,5,0,1,469,234,0,-2
9,1,Eitaa,1,5,0,1,469,232.5,0,-1.5
9,1,Eitaa,1,5,0,1,469,231.5,0,-1
9,1,Eitaa,1,5,0,1,469,231,0,-0.5
9,1,Eitaa,1,5,0,1,469,231,0,0
